52 52 52 52 52 52 52 52 52 52 52 52 52 52 52 52 52 52 52 52 52 52 52 52 52 52 52 52 53 53 53 54 55 56 55 54 54 54 54 55 56 56 54 52 48 44 36 30 24 20 17 13 9 7 5 6 5 3 4 7 20 32 50 71 109 155 192 218 230 237 243 249 252 250 250 254 254 254 254 253 252 252 254 254 255 254 252 235 209 145 53 11 22 40 65 80 79 72 68 68
52 52 52 52 52 52 52 52 52 52 52 52 52 52 52 52 52 52 52 52 52 52 52 52 52 52 52 52 55 54 53 53 54 54 53 51 52 52 53 56 58 59 57 56 57 53 47 41 36 31 26 22 19 12 8 7 6 4 3 3 1 1 2 11 45 86 116 152 194 219 238 249 254 252 248 253 253 252 254 253 252 252 254 255 252 252 252 246 235 171 65 10 20 34 57 74 78 73 69 69
52 52 52 52 52 52 52 52 52 52 52 52 52 52 52 52 52 52 52 52 52 52 52 52 52 52 52 52 54 52 50 50 50 50 49 49 51 51 52 54 56 57 56 55 53 52 50 49 48 46 43 40 34 23 14 11 9 7 6 4 2 2 3 2 18 33 35 64 96 138 176 208 239 251 253 255 252 252 253 254 253 252 252 253 249 252 253 252 252 194 85 28 19 29 48 68 77 76 73 72
52 52 52 52 52 52 52 52 52 52 52 52 52 52 52 52 52 52 52 52 52 52 52 52 52 52 52 52 55 53 51 50 51 51 50 50 52 52 52 53 55 55 55 54 54 54 54 55 56 54 51 48 39 31 23 20 17 14 12 13 8 5 7 2 3 2 1 17 40 78 111 143 185 213 227 244 252 252 253 254 253 251 250 250 252 254 252 252 254 207 102 48 18 24 42 64 77 78 76 76
52 52 52 52 52 52 52 52 52 52 52 52 52 52 52 52 52 52 52 52 52 52 52 52 52 52 52 52 51 51 51 51 51 51 51 51 51 52 53 53 53 54 54 54 54 53 52 51 51 53 55 56 52 48 40 32 24 20 18 15 11 8 7 6 5 6 6 6 17 20 35 62 92 127 171 206 244 253 254 249 251 255 254 254 250 254 249 255 254 215 142 76 28 16 40 50 74 81 80 70
52 52 52 52 52 52 52 52 52 52 52 52 52 52 52 52 52 52 52 52 52 52 52 52 52 52 52 52 51 51 51 51 51 51 51 51 52 52 52 52 52 53 53 53 55 54 53 51 51 51 53 53 55 53 50 46 41 36 32 30 22 19 13 10 9 7 6 5 5 1 1 13 35 67 110 145 188 212 228 236 250 254 254 255 251 254 247 254 253 222 166 101 32 13 32 45 73 81 81 75
52 52 52 52 52 52 52 52 52 52 52 52 52 52 52 52 52 52 52 52 52 52 52 52 52 52 52 52 52 52 52 52 52 52 52 52 53 53 53 52 52 52 52 52 56 54 53 51 50 50 50 51 55 56 58 59 57 54 50 48 39 34 26 19 15 11 9 7 7 3 2 5 12 23 43 63 99 138 180 216 246 254 254 252 244 250 252 254 254 238 198 130 43 11 22 39 71 78 79 76
52 52 52 52 52 52 52 52 52 52 52 52 52 52 52 52 52 52 52 52 52 52 52 52 52 52 52 52 52 52 52 52 52 52 52 52 53 53 53 52 52 52 51 51 54 53 52 51 50 50 50 51 53 54 57 59 59 57 55 53 49 44 37 30 23 17 14 10 7 5 6 9 6 1 1 6 31 66 109 153 195 220 232 243 245 251 254 254 247 247 226 162 59 13 17 33 67 72 73 73
52 52 52 52 52 52 52 52 52 52 52 52 52 52 52 52 52 52 52 52 52 52 52 52 52 52 52 52 52 52 52 52 52 52 52 52 53 53 53 52 52 52 51 51 51 51 51 51 51 51 52 52 51 52 52 52 52 51 50 50 51 48 45 40 35 28 21 16 12 8 6 4 3 2 2 5 8 20 34 59 101 143 185 220 245 252 253 250 240 250 245 192 78 22 15 27 61 69 71 73
52 52 52 52 52 52 52 52 52 52 52 52 52 52 52 52 52 52 52 52 52 52 52 52 52 52 52 52 52 52 52 52 52 52 52 52 53 53 53 52 52 52 52 52 51 51 51 52 52 52 53 53 52 51 50 49 48 47 47 48 51 50 48 47 44 39 33 29 23 16 9 6 5 4 6 8 3 1 1 8 37 73 115 154 200 225 243 253 253 255 252 207 102 39 18 24 54 66 73 76
52 52 52 52 52 52 52 52 52 52 52 52 52 52 52 52 52 52 52 52 52 52 52 52 52 52 52 52 51 51 51 51 51 51 51 51 52 52 52 52 52 53 53 53 53 53 53 53 53 53 52 52 52 52 51 51 50 50 50 50 52 51 50 49 49 49 47 45 31 25 17 11 7 5 4 2 2 1 2 4 16 25 43 68 114 159 197 229 249 255 248 215 133 64 29 22 44 61 74 78
52 52 52 52 52 52 52 52 52 52 52 52 52 52 52 52 52 52 52 52 52 52 52 52 52 52 52 52 51 51 51 51 51 51 51 51 51 51 52 52 52 53 53 53 55 55 55 54 53 52 51 50 51 52 53 54 54 54 53 53 55 53 50 50 51 54 55 55 49 40 28 18 14 14 13 10 8 6 4 4 4 3 2 14 49 99 138 179 216 236 242 228 157 84 39 19 37 56 72 76
52 52 52 52 52 52 52 52 52 52 52 52 52 52 52 52 52 52 52 52 52 52 52 52 52 52 52 52 51 51 52 52 52 52 51 51 52 52 52 52 52 52 52 52 52 52 52 52 52 52 52 52 52 52 52 52 52 53 53 53 51 50 49 48 49 51 53 54 53 50 45 37 29 22 19 16 12 10 8 6 5 3 3 3 19 27 46 83 137 190 224 236 192 135 47 12 29 47 55 78
52 52 52 52 52 52 52 52 52 52 52 52 52 52 52 52 52 52 52 52 52 52 52 52 52 52 52 52 51 51 52 52 52 52 51 51 52 52 52 52 52 52 52 52 52 52 52 52 52 52 52 52 52 52 52 52 52 53 53 53 51 51 49 49 49 51 53 54 55 54 51 47 41 34 28 24 18 15 11 9 7 5 5 5 2 1 5 28 71 126 176 206 192 141 54 9 17 32 45 69
52 52 52 52 52 52 52 52 52 52 52 52 52 52 52 52 52 52 52 52 52 52 52 52 52 52 52 52 51 51 52 52 52 52 51 51 52 52 52 52 52 52 52 52 52 52 52 52 52 52 52 52 52 52 52 52 52 53 53 53 52 52 51 50 50 51 52 53 54 55 56 55 52 47 42 39 28 23 17 13 10 8 7 7 8 3 3 7 20 44 80 110 162 129 61 12 13 21 30 47
52 52 52 52 52 52 52 52 52 52 52 52 52 52 52 52 52 52 52 52 52 52 52 52 52 52 52 52 51 52 52 53 53 52 52 51 52 52 52 52 52 52 52 52 52 52 52 52 52 52 52 52 52 52 52 52 52 53 53 53 53 53 52 51 51 51 52 52 52 53 55 56 55 54 52 50 43 37 28 20 15 12 10 8 7 5 5 10 8 8 24 45 98 89 57 28 26 28 24 26
52 52 52 52 52 52 52 52 52 52 52 52 52 52 52 52 52 52 52 52 52 52 52 52 52 52 52 52 52 52 53 53 53 53 52 52 52 52 52 52 52 52 52 52 52 52 52 52 52 52 52 52 52 52 52 52 52 53 53 53 53 53 53 52 52 52 52 53 52 52 52 52 53 55 56 57 55 49 40 32 24 18 14 12 10 7 4 4 2 0 6 20 33 41 41 39 44 44 32 22
52 52 52 52 52 52 52 52 52 52 52 52 52 52 52 52 52 52 52 52 52 52 52 52 52 52 52 52 52 52 53 53 53 53 52 52 52 52 52 52 52 52 52 52 52 52 52 52 52 52 52 52 52 52 52 52 52 53 53 53 53 53 53 53 53 53 53 53 53 52 51 51 52 54 57 59 59 55 49 43 37 30 23 19 16 10 7 6 4 1 1 2 2 10 22 34 43 49 46 40
52 52 52 52 52 52 52 52 52 52 52 52 52 52 52 52 52 52 52 52 52 52 52 52 52 52 52 52 52 53 53 54 54 53 53 52 52 52 52 52 52 52 52 52 52 52 52 52 52 52 52 52 52 52 52 52 52 53 53 53 52 53 53 54 54 55 55 54 52 52 51 51 52 53 54 54 54 53 53 52 49 43 36 31 17 13 11 10 12 11 7 3 1 2 8 19 25 35 50 57
52 52 52 52 52 52 52 52 52 52 52 52 52 52 52 52 52 52 52 52 52 52 52 52 52 52 52 52 52 53 53 54 54 53 53 52 52 52 52 52 52 52 52 52 52 52 52 52 52 52 52 52 52 52 52 52 52 53 53 53 51 52 54 55 55 55 55 55 51 51 51 52 51 50 49 49 49 50 53 56 56 52 46 41 31 27 17 11 8 6 5 2 4 1 2 8 8 19 45 63
52 52 52 52 52 52 52 52 52 52 52 52 52 52 52 52 52 52 52 52 52 52 52 52 52 52 52 52 52 52 52 52 52 52 52 52 52 52 52 52 52 52 52 52 52 52 52 52 52 52 52 52 52 52 52 52 52 52 52 52 51 51 53 53 55 56 57 57 56 55 55 54 54 53 53 53 51 51 53 56 57 58 58 57 47 40 29 19 14 10 8 6 3 1 3 6 8 11 24 38
52 52 52 52 52 52 52 52 52 52 52 52 52 52 52 52 52 52 52 52 52 52 52 52 52 52 52 52 52 52 52 52 52 52 52 52 52 52 52 52 52 52 52 52 52 52 52 52 52 52 52 52 52 52 52 52 52 52 52 52 52 53 53 53 54 55 55 55 55 55 55 54 54 54 54 54 53 53 52 53 54 55 57 58 54 49 41 33 27 21 16 13 7 5 6 6 5 6 12 21
52 52 52 52 52 52 52 52 52 52 52 52 52 52 52 52 52 52 52 52 52 52 52 52 52 52 52 52 52 52 52 52 52 52 52 52 52 52 52 52 52 52 52 52 52 52 52 52 52 52 52 52 52 52 52 52 52 52 52 52 55 54 54 53 53 53 53 53 53 53 54 54 54 54 54 54 56 54 51 49 50 52 55 57 59 56 52 48 42 36 29 25 13 10 7 6 4 2 3 6
52 52 52 52 52 52 52 52 52 52 52 52 52 52 52 52 52 52 52 52 52 52 52 52 52 52 52 52 52 52 52 52 52 52 52 52 52 52 52 52 52 52 52 52 52 52 52 52 52 52 52 52 52 52 52 52 52 52 52 52 56 55 55 53 52 51 50 50 52 52 52 52 52 53 53 53 56 54 51 49 49 50 52 53 58 57 55 53 50 45 39 35 21 16 12 9 7 5 4 3
52 52 52 52 52 52 52 52 52 52 52 52 52 52 52 52 52 52 52 52 52 52 52 52 52 52 52 52 52 52 52 52 52 52 52 52 52 52 52 52 52 52 52 52 52 52 52 52 52 52 52 52 52 52 52 52 52 52 52 52 55 55 54 53 51 50 49 50 50 50 50 50 51 51 51 51 53 52 52 51 51 50 49 49 54 53 52 52 52 50 47 45 32 26 19 14 11 10 8 6
52 52 52 52 52 52 52 52 52 52 52 52 52 52 52 52 52 52 52 52 52 52 52 52 52 52 52 52 52 52 52 52 52 52 52 52 52 52 52 52 52 52 52 52 52 52 52 52 52 52 52 52 52 52 52 52 52 52 52 52 53 52 52 52 51 50 50 50 49 49 50 50 50 50 50 50 49 51 52 53 53 51 49 48 52 51 51 52 53 54 52 51 45 39 29 20 16 14 12 8
52 52 52 52 52 52 52 52 52 52 52 52 52 52 52 52 52 52 52 52 52 52 52 52 52 52 52 52 52 52 53 53 52 52 52 52 53 53 52 52 52 52 53 52 52 52 52 52 52 52 52 52 52 52 52 52 52 52 52 52 49 50 50 51 51 52 52 52 51 51 51 51 51 51 51 50 48 50 52 53 53 52 51 50 50 50 51 54 55 55 53 51 54 51 43 31 24 21 17 12
52 52 52 52 52 52 52 52 52 52 52 52 52 52 52 52 52 52 52 52 52 52 52 52 52 52 52 52 52 52 52 52 52 52 52 53 53 52 52 53 53 52 52 52 52 52 52 52 52 52 52 52 52 52 52 52 52 52 52 52 48 49 49 50 51 52 53 54 54 53 53 53 52 52 51 51 49 50 51 52 53 53 53 52 50 50 52 55 57 55 51 48 57 58 53 42 33 29 24 19
52 52 52 53 53 52 52 52 53 52 52 52 52 51 52 53 54 54 52 51 48 47 48 50 51 52 52 53 49 51 53 55 56 55 53 53 50 52 55 57 57 54 50 48 52 52 52 52 52 52 52 52 52 52 52 52 52 53 53 53 51 51 51 51 51 51 51 51 52 52 52 52 52 52 52 52 52 52 52 52 52 52 52 52 52 52 52 52 52 52 52 52 52 50 50 51 51 46 37 30
52 53 53 52 52 52 52 52 53 52 52 52 52 52 51 52 53 53 52 51 51 52 53 54 54 55 55 55 51 52 53 54 55 55 54 53 50 52 53 55 55 53 50 49 52 52 52 52 52 52 52 52 52 52 52 52 52 53 53 53 52 52 52 52 52 52 52 52 52 52 52 52 52 52 52 52 52 52 52 52 52 52 52 52 52 52 52 52 52 52 52 52 54 53 53 55 55 52 44 37
52 52 52 53 53 52 52 53 52 52 52 52 52 51 51 51 53 53 53 52 56 56 56 56 56 56 56 56 53 53 52 52 52 52 53 53 50 51 51 52 52 52 52 51 52 52 52 52 52 52 52 52 52 52 52 52 52 53 53 53 52 52 52 52 52 52 52 52 52 52 52 52 52 52 52 52 52 52 52 52 52 52 52 52 52 52 52 52 52 52 52 52 53 53 54 56 58 56 50 46
52 52 52 52 53 52 53 52 52 52 52 52 52 51 50 51 53 55 54 54 57 57 56 55 54 54 53 53 56 54 53 51 50 50 51 51 52 51 50 50 50 51 53 54 52 52 52 52 52 52 52 52 52 52 52 52 52 53 53 53 52 52 52 52 52 52 52 52 52 52 52 52 52 52 52 52 52 52 52 52 52 52 52 52 52 52 52 52 52 52 52 52 51 51 52 54 56 56 53 51
52 52 52 52 52 53 52 52 52 52 52 52 51 51 52 52 54 55 55 54 54 53 52 50 49 49 49 49 57 56 54 53 52 51 51 52 52 51 50 49 49 51 53 55 52 52 52 52 52 52 52 52 52 52 52 52 52 53 53 53 52 52 52 52 52 52 52 52 52 52 52 52 52 52 52 52 52 52 52 52 52 52 52 52 52 52 52 52 52 52 52 52 50 50 50 52 54 55 55 54
52 52 53 53 53 52 52 52 52 52 52 52 51 51 51 52 53 53 50 48 46 44 43 41 41 41 42 42 52 53 54 55 55 55 54 53 53 52 52 51 51 52 53 54 52 52 52 52 52 52 52 52 52 52 52 52 52 53 53 53 53 53 53 53 53 53 53 53 52 52 52 52 52 52 52 52 52 52 52 52 52 52 52 52 52 52 52 52 52 52 52 52 52 52 52 52 52 54 55 56
52 52 52 52 52 52 52 52 52 52 52 52 51 51 51 51 50 47 42 39 32 31 30 29 29 30 31 32 40 43 47 52 55 55 54 53 53 54 54 54 54 53 53 52 52 52 52 52 52 52 52 52 52 52 52 52 52 53 53 53 53 53 53 53 53 53 53 53 52 52 52 52 52 52 52 52 52 52 52 52 52 52 52 52 52 52 52 52 52 52 52 52 54 54 52 51 50 51 54 56
52 52 52 52 52 52 52 52 52 52 52 52 52 52 51 51 48 42 36 31 22 21 19 18 19 20 22 23 27 32 40 47 52 53 52 51 53 54 55 56 56 54 52 51 52 52 52 52 52 52 52 52 52 52 52 52 52 53 53 53 53 53 53 53 53 53 53 53 52 52 52 52 52 52 52 52 52 52 52 52 52 52 52 52 52 52 52 52 52 52 52 52 54 54 52 49 49 49 51 54
52 52 52 52 51 52 53 53 53 52 52 53 54 55 51 43 37 33 25 18 12 11 10 10 10 11 12 14 20 24 30 36 42 47 52 54 53 53 54 54 55 54 52 49 52 52 52 52 52 52 52 52 52 52 52 52 52 52 52 52 52 52 52 52 52 52 52 52 52 52 52 52 52 52 52 52 52 52 52 52 52 52 52 52 53 53 53 53 53 53 53 53 54 53 51 50 49 49 49 50
52 52 52 52 51 52 53 53 52 52 52 53 55 53 47 36 29 25 18 12 7 6 5 5 5 6 7 8 13 17 21 27 34 42 49 53 55 54 53 52 52 52 51 50 52 52 52 52 52 52 52 52 52 52 52 52 52 52 52 52 52 52 52 52 52 52 52 52 52 52 52 52 52 52 52 52 52 52 52 52 52 52 52 52 53 53 53 53 53 53 53 53 53 53 52 51 50 50 50 50
52 52 52 52 53 52 52 51 51 52 52 53 54 49 39 27 19 15 10 4 3 2 2 4 4 4 4 4 7 10 13 19 25 35 45 52 56 55 53 51 50 50 51 52 52 52 52 52 52 52 52 52 52 52 52 52 52 52 52 52 52 52 52 52 52 52 52 52 52 52 52 52 52 52 52 52 52 52 52 52 52 52 52 52 53 53 53 53 53 53 53 53 52 52 52 52 52 52 52 52
52 52 52 52 54 52 51 51 51 52 52 52 50 42 31 19 10 7 3 2 3 3 4 4 5 6 5 4 3 5 8 13 18 29 42 50 57 56 53 51 49 50 52 54 52 52 52 52 52 52 52 52 52 52 52 52 52 52 52 52 52 52 52 52 52 52 52 52 52 52 52 52 52 52 52 52 52 52 52 52 52 52 52 52 52 52 52 52 52 52 52 52 50 51 52 54 54 54 53 53
52 52 52 52 54 52 51 50 52 52 51 50 42 33 22 13 8 4 2 3 3 4 4 5 5 5 6 5 4 4 4 8 13 22 34 42 53 54 55 53 52 52 54 56 52 52 52 52 52 52 52 52 52 52 52 52 52 52 52 52 52 52 52 52 52 52 52 52 52 52 52 52 52 52 52 52 52 52 52 52 52 52 52 52 52 52 52 52 52 52 52 52 50 51 52 53 54 54 53 53
52 52 52 52 53 52 51 51 53 53 50 47 33 24 15 10 6 3 3 5 2 2 3 3 3 4 5 6 6 5 3 4 8 15 24 31 46 50 55 56 55 54 54 55 52 52 52 52 52 52 52 52 52 52 52 52 52 52 52 52 52 52 52 52 52 52 52 52 52 52 52 52 52 52 52 52 52 52 52 52 52 52 52 52 52 52 52 52 52 52 52 52 51 51 51 52 53 53 53 53
52 52 52 52 52 52 51 52 54 53 49 44 25 18 13 10 6 3 3 6 3 2 2 2 1 2 5 6 9 7 5 3 6 11 18 23 36 43 53 59 58 55 53 53 52 52 52 52 52 52 52 52 52 52 52 52 52 52 52 52 52 52 52 52 52 52 52 52 52 52 52 52 52 52 52 52 52 52 52 52 52 52 52 52 52 52 52 52 52 52 52 52 52 52 52 50 51 51 52 52
52 52 52 52 52 52 51 53 55 54 48 43 20 14 10 8 6 3 3 6 5 4 4 3 2 3 5 7 10 9 7 5 6 10 16 21 29 39 52 59 59 55 52 51 52 52 52 52 52 52 52 52 52 52 52 52 52 52 52 52 52 52 52 52 52 52 52 52 52 52 52 52 52 52 52 52 52 52 52 52 52 52 52 52 51 51 51 51 51 51 51 51 52 52 51 49 49 50 51 52
51 51 52 54 54 53 50 53 57 51 35 22 14 12 11 8 5 2 2 3 6 7 7 6 3 2 4 6 9 7 5 4 6 7 11 15 22 33 48 57 57 54 52 53 53 53 52 52 52 52 52 52 52 51 50 51 53 53 53 53 55 54 54 53 52 51 51 51 51 51 52 52 53 54 54 55 54 52 50 50 52 54 56 57 48 52 57 55 49 48 52 57 55 53 51 50 51 51 51 51
51 51 52 53 54 53 51 53 55 48 32 19 10 8 8 6 3 3 3 4 5 6 7 5 3 1 3 5 8 7 5 5 5 7 10 12 19 29 43 53 56 55 53 53 51 52 51 51 52 52 52 52 52 51 51 51 53 54 53 52 53 53 53 52 52 52 52 52 52 52 52 52 52 52 52 52 53 51 50 51 53 55 57 57 47 52 56 55 50 47 50 54 52 52 50 52 54 56 56 56
52 52 53 53 53 53 52 53 52 42 27 15 6 4 5 4 2 2 4 5 7 6 6 4 2 2 5 7 6 6 5 5 6 7 8 10 16 23 35 47 55 57 56 55 51 51 51 51 51 51 51 52 52 51 51 51 53 53 53 52 50 50 51 52 52 53 53 53 53 53 53 52 51 51 51 50 52 51 51 52 54 56 56 56 49 55 60 60 55 51 51 54 50 50 50 53 57 59 59 59
53 53 53 53 53 53 53 52 47 35 20 11 4 4 4 4 2 4 4 6 9 7 6 4 3 3 6 7 6 5 5 6 6 6 6 8 13 18 28 42 54 59 59 57 53 52 52 51 51 50 49 49 50 49 48 49 50 51 50 49 47 47 48 49 51 52 53 53 51 51 51 51 50 50 50 50 52 52 53 54 56 56 55 53 50 56 62 62 58 54 53 54 51 51 52 54 56 56 55 53
53 54 54 53 53 53 54 50 40 27 14 7 4 5 5 5 3 3 5 6 8 6 5 3 3 4 5 6 4 5 5 5 5 5 4 6 10 14 22 36 49 56 57 55 52 51 50 48 46 45 43 43 42 41 41 42 43 44 43 42 40 40 41 43 44 46 47 48 43 44 44 45 46 47 48 48 54 53 54 55 56 56 53 51 47 52 58 59 56 53 52 53 58 56 55 53 52 49 45 42
54 55 54 52 52 54 53 47 34 20 10 5 6 7 7 6 4 4 5 7 7 6 5 4 3 3 3 3 4 3 5 4 4 4 3 4 8 11 17 28 38 45 46 44 42 41 40 38 36 34 32 31 31 30 29 30 31 32 31 30 28 29 30 31 32 33 34 34 31 31 33 34 36 38 39 40 48 47 48 49 51 51 49 48 46 50 54 55 54 53 55 56 62 59 54 49 44 38 32 28
55 56 55 53 51 54 53 44 29 15 7 5 5 6 6 5 4 5 6 8 9 8 8 6 7 6 4 2 3 3 3 3 3 3 3 2 6 8 13 19 25 28 28 28 26 25 24 23 21 20 19 18 19 18 17 18 18 19 18 17 15 15 16 16 17 17 18 18 17 18 20 21 23 25 26 27 32 32 33 35 38 40 40 39 42 44 46 47 48 50 53 56 57 53 46 38 31 24 18 14
55 57 55 52 51 54 52 42 26 12 6 4 3 4 5 5 4 7 9 12 12 11 11 10 11 11 7 4 3 3 2 2 2 2 2 2 5 7 10 13 15 15 15 15 14 14 14 13 12 12 11 11 11 10 9 10 10 11 10 9 7 7 7 7 8 8 9 10 11 11 13 14 14 15 16 17 18 19 19 21 26 29 30 30 32 33 34 34 36 40 45 49 49 44 36 28 20 15 9 6
52 56 54 52 53 52 47 37 25 13 7 4 2 3 4 6 8 11 13 15 15 15 17 22 24 22 16 11 8 6 3 0 1 1 3 8 10 15 8 4 9 12 9 10 9 9 9 10 11 13 14 15 17 18 20 20 19 19 16 15 12 10 6 5 5 5 6 7 7 7 8 8 9 10 10 10 10 11 12 14 14 14 16 20 19 20 20 21 23 25 27 26 27 25 21 16 12 7 5 3
52 55 54 52 54 52 45 35 23 12 6 4 4 4 6 10 14 20 23 25 23 26 31 35 34 26 15 7 5 4 4 4 4 4 6 9 4 8 3 2 12 27 38 46 44 45 47 49 53 56 59 61 64 65 66 67 66 65 63 62 59 57 54 50 46 42 39 38 34 32 29 27 25 22 19 16 13 10 9 9 8 8 8 11 11 11 11 12 13 13 13 14 17 17 14 10 7 4 2 2
52 54 54 53 55 51 42 31 20 11 7 6 5 6 9 15 24 32 37 38 40 39 36 33 28 21 14 9 5 4 3 4 4 3 1 0 1 2 2 6 24 55 88 109 123 125 127 132 137 141 145 148 151 152 153 153 152 151 149 148 147 146 143 139 132 124 117 113 103 98 90 81 71 61 52 46 27 21 15 11 6 4 5 6 6 6 6 6 7 7 6 6 10 10 7 5 3 2 2 3
52 54 54 54 57 50 39 26 16 10 8 8 7 8 13 22 33 41 43 42 40 37 32 26 20 14 11 9 11 14 16 20 23 22 13 4 2 1 7 18 42 89 143 176 178 179 181 185 189 193 197 199 202 202 202 202 201 200 198 198 198 198 196 192 186 180 174 170 163 158 149 138 127 116 106 99 85 77 66 55 46 37 31 28 25 17 9 6 6 5 4 5 6 6 4 3 2 2 3 3
53 53 54 55 57 49 35 22 14 10 8 9 12 15 22 31 38 41 40 37 24 23 22 18 14 10 9 9 14 24 40 53 59 52 29 7 3 1 9 26 53 113 183 223 202 202 203 204 206 208 209 210 211 211 211 211 210 209 209 208 209 208 207 206 204 203 202 201 204 201 197 193 189 184 179 175 171 162 148 133 121 109 96 87 75 52 27 12 6 3 3 5 6 6 5 3 2 2 2 2
53 52 54 56 57 47 32 20 14 10 8 9 19 23 30 35 36 34 30 27 16 13 6 4 6 15 29 39 53 73 98 116 119 98 53 15 10 1 6 23 49 114 194 237 216 216 215 214 214 214 214 214 213 213 213 213 213 212 212 212 213 212 212 212 214 216 218 219 223 222 221 221 221 220 218 216 213 207 196 187 181 175 165 154 137 98 52 23 11 5 3 4 8 7 5 3 2 1 0 0
53 51 53 57 56 45 30 19 14 11 9 9 23 27 31 30 25 20 17 16 15 12 7 10 25 53 85 106 135 155 180 197 195 165 110 62 28 7 7 17 34 97 179 221 214 213 211 210 209 208 208 208 206 206 206 206 206 207 207 208 208 208 208 208 209 210 212 213 213 212 211 212 212 212 210 209 215 211 205 202 207 212 209 201 172 120 60 25 12 7 4 5 6 5 4 3 2 1 2 2
53 51 53 57 55 45 29 18 13 10 9 8 23 27 29 24 14 10 8 9 10 16 29 49 75 106 136 155 180 197 219 232 232 205 151 104 47 17 9 11 21 80 161 201 212 211 210 208 208 207 207 207 206 205 205 206 206 207 208 209 209 209 209 209 208 207 206 206 207 207 207 210 212 214 213 212 219 215 209 208 216 226 226 219 173 116 51 16 6 4 4 4 4 3 3 3 3 4 4 5
51 50 48 47 52 42 28 18 13 11 12 12 20 10 5 10 11 7 7 9 24 46 82 121 155 180 195 201 203 214 216 210 211 212 193 167 91 38 11 21 25 70 155 192 207 213 208 202 205 205 203 205 207 206 206 205 205 206 206 207 205 204 203 205 208 209 208 206 204 205 207 208 209 208 207 207 210 206 207 210 214 219 207 182 99 52 21 12 3 3 6 2 2 1 0 0 0 2 4 6
52 51 49 48 52 41 27 16 11 8 9 9 9 8 9 10 6 7 22 42 71 102 142 174 195 210 216 217 215 215 208 202 207 218 213 200 133 74 23 12 15 62 150 191 207 213 208 202 205 205 203 205 207 206 206 205 205 206 206 207 206 204 203 205 207 209 208 206 206 206 207 207 207 207 206 205 210 204 207 213 214 202 163 118 46 13 2 2 2 4 9 4 5 4 3 2 2 4 6 7
53 53 51 50 51 40 24 13 8 5 5 5 1 3 8 8 6 19 55 90 131 162 193 205 209 212 211 207 209 204 199 200 209 218 216 209 177 118 43 8 7 53 139 187 206 213 209 203 205 205 202 205 207 206 206 205 205 206 206 207 206 205 203 204 205 207 208 207 207 207 207 206 206 205 204 204 212 207 211 216 208 176 114 53 27 8 4 12 12 10 9 4 6 5 3 2 1 1 1 1
56 57 55 53 49 38 22 11 6 3 4 4 3 2 5 16 35 67 110 144 188 207 219 212 207 212 214 211 215 208 204 209 216 216 211 207 203 158 79 23 11 49 132 185 205 213 210 204 206 205 202 206 207 206 206 205 205 206 206 207 207 205 204 203 204 206 207 208 208 207 206 205 204 203 203 203 208 209 215 211 183 136 74 20 12 2 2 8 10 6 5 6 9 13 16 19 21 21 19 18
58 59 56 53 43 33 19 9 4 3 4 5 8 3 10 43 93 142 177 196 214 220 218 208 208 219 227 227 224 215 207 208 209 206 204 205 217 190 123 59 23 47 129 187 205 214 212 206 206 205 202 206 207 206 206 205 205 206 206 207 206 206 204 203 203 204 206 208 209 208 205 204 203 203 204 205 201 209 217 196 142 86 38 6 14 8 3 5 6 4 3 9 13 20 33 47 57 62 63 62
59 58 52 47 34 26 14 7 3 5 7 7 3 9 35 88 151 199 220 223 221 218 210 204 205 211 213 210 206 207 211 215 214 210 207 207 220 206 159 95 33 39 120 179 204 214 213 207 207 205 202 207 207 206 206 205 205 206 206 207 205 205 205 204 203 203 205 207 209 207 205 203 203 204 207 208 206 211 208 168 99 44 16 4 11 13 12 18 31 35 40 53 63 72 86 101 111 116 117 117
56 53 44 36 24 17 9 4 3 6 8 9 5 35 88 147 195 221 225 220 215 206 196 190 182 171 162 158 161 176 194 206 211 215 217 217 215 208 186 132 50 38 113 165 203 214 214 208 207 204 202 207 207 206 206 205 205 206 206 207 204 205 206 205 203 203 204 206 208 206 204 202 203 206 210 212 219 204 176 123 57 19 11 10 4 11 26 51 87 106 118 137 157 162 170 178 183 184 183 182
54 48 37 27 19 12 6 2 3 6 9 10 17 69 141 197 222 223 216 210 183 170 158 151 136 115 100 98 106 124 142 153 165 184 202 212 210 209 206 164 72 48 115 159 203 214 214 208 207 204 202 207 207 206 206 205 205 206 206 207 203 205 207 206 204 202 203 205 208 206 203 202 204 207 212 214 224 189 139 79 24 7 12 21 34 57 77 108 147 165 172 188 207 210 213 216 218 219 218 218
41 38 30 21 13 8 7 1 6 11 4 27 55 111 183 220 220 211 196 175 134 102 69 54 47 39 37 40 47 44 49 65 87 118 160 195 211 225 231 183 103 79 120 158 196 214 218 209 206 206 205 208 207 206 206 205 205 206 206 207 203 204 205 206 207 208 208 207 207 209 204 202 208 211 212 217 209 165 87 28 12 12 27 55 92 127 165 185 195 204 210 210 215 217 219 220 219 217 213 211
37 32 24 17 11 5 3 0 3 8 7 36 99 151 208 225 205 179 150 122 77 51 26 13 7 3 4 7 5 2 2 13 32 62 103 137 173 203 231 201 130 100 128 158 197 214 216 208 206 205 204 207 207 206 206 205 205 206 206 207 204 204 205 206 207 208 208 207 205 204 204 204 207 213 211 203 173 121 55 22 30 53 82 109 160 182 204 211 214 219 221 219 211 212 213 213 212 210 208 207
29 24 17 11 8 3 3 1 4 9 19 54 131 183 228 224 183 132 81 44 28 15 2 1 2 2 2 2 3 2 2 6 13 23 42 60 113 159 209 206 157 126 136 153 199 213 214 206 205 205 203 206 207 206 206 205 205 206 206 207 205 204 204 205 207 208 208 207 204 200 206 209 208 215 208 182 118 65 27 36 73 120 162 185 203 210 212 208 206 208 207 202 203 203 203 203 202 201 200 200
21 17 12 7 4 1 5 9 8 14 43 86 164 201 217 188 137 81 30 3 3 7 18 34 48 56 59 60 57 47 34 23 10 3 3 8 59 106 165 191 179 161 157 159 201 212 211 204 205 204 202 206 207 206 206 205 205 206 206 207 206 204 203 204 207 209 208 207 206 199 210 215 209 215 202 161 83 48 47 87 130 175 213 226 219 216 208 201 201 205 204 199 199 200 202 203 203 203 202 201
15 12 9 5 3 1 3 9 8 25 81 131 210 213 180 122 71 30 8 4 1 17 54 95 131 153 159 157 150 124 84 46 17 2 2 6 22 60 115 165 196 200 189 182 205 212 209 203 205 204 202 206 207 206 206 205 205 206 206 207 207 204 202 203 207 209 209 207 205 198 210 217 208 208 190 147 86 78 106 154 181 201 218 221 215 210 203 200 204 210 211 207 202 204 208 212 213 212 210 209
10 8 7 5 6 2 1 4 12 49 126 174 220 195 131 65 26 3 2 18 34 68 117 162 199 223 228 224 224 197 153 105 64 33 14 6 2 24 64 122 183 211 209 205 209 212 207 203 206 205 202 206 207 206 206 205 205 206 206 207 208 204 201 202 207 210 209 207 202 197 207 215 206 197 177 145 112 125 162 198 211 212 211 209 203 200 198 199 204 209 209 207 203 206 209 212 214 213 211 210
7 5 6 5 6 3 1 9 30 84 167 201 184 146 75 25 12 4 16 54 115 152 195 223 239 249 251 247 244 235 215 182 136 82 30 2 2 7 22 66 136 185 205 220 212 213 206 203 207 206 203 207 207 206 206 205 205 206 206 207 209 204 200 202 207 210 209 207 199 199 206 213 209 191 170 155 155 175 195 209 218 214 207 208 205 206 207 209 211 211 210 210 207 207 207 207 207 208 208 208
4 4 5 5 3 2 1 21 53 113 191 210 155 108 34 5 9 22 53 107 176 213 247 254 253 252 252 251 251 254 254 241 199 135 66 20 9 7 4 26 93 153 196 229 214 214 206 203 208 207 203 208 207 206 206 205 205 206 206 207 209 204 200 201 207 210 209 207 199 202 207 214 213 190 169 166 199 214 212 207 214 210 201 204 204 206 210 211 209 206 205 207 215 213 210 207 206 207 209 210
4 3 3 2 8 5 1 31 93 167 210 179 102 44 23 7 4 42 127 186 224 237 250 254 252 251 251 250 254 251 251 249 234 198 130 63 25 2 3 19 46 105 180 223 213 213 197 202 213 208 209 206 202 203 204 208 211 210 207 203 199 203 208 213 215 212 205 200 201 203 205 205 203 201 200 199 207 211 215 216 211 204 200 199 206 211 215 213 210 210 212 214 225 224 222 219 215 216 219 223
3 4 4 4 3 6 8 57 128 182 193 150 64 18 9 13 31 94 172 228 248 252 253 251 252 254 253 253 252 251 255 255 254 233 178 119 43 8 2 10 23 77 160 210 212 214 199 203 212 207 209 206 203 203 205 208 210 210 207 203 201 203 205 208 210 209 205 202 205 207 208 209 208 208 207 207 204 207 212 212 207 202 199 199 208 208 209 210 209 208 205 203 199 199 199 197 194 193 194 195
4 4 5 5 2 10 26 90 169 194 160 104 34 7 6 29 85 154 208 252 253 249 243 240 246 253 253 252 253 251 252 251 254 254 226 181 72 24 5 6 6 51 137 193 208 216 204 205 210 206 208 206 203 203 205 208 210 209 206 204 205 203 202 202 204 205 206 206 206 206 206 207 207 207 207 207 199 203 206 207 206 207 209 211 212 214 218 223 221 208 188 174 153 147 137 128 125 129 138 145
6 5 5 6 4 20 50 122 195 191 119 57 21 6 11 58 142 206 228 253 254 251 247 245 250 254 254 250 252 252 252 249 253 255 245 209 110 48 12 6 3 37 113 166 201 216 209 207 209 204 208 206 203 204 206 208 209 208 206 204 209 205 200 198 200 204 208 210 207 205 204 204 204 204 204 204 203 204 203 201 203 210 216 219 213 206 200 193 179 154 128 112 100 92 80 71 69 74 84 91
9 7 5 5 3 33 86 154 204 173 83 22 8 9 34 95 191 247 247 254 253 253 252 249 249 251 252 249 246 248 253 253 254 254 249 221 160 89 26 4 3 26 83 132 191 215 213 209 207 203 208 206 204 205 207 208 208 207 206 205 212 207 201 199 200 205 210 213 208 206 205 206 208 210 210 209 211 209 203 199 203 211 214 212 214 189 156 124 94 68 52 47 26 27 29 30 31 30 27 26
9 6 5 7 7 54 131 183 192 143 54 6 3 19 69 136 218 255 250 252 249 252 252 248 246 248 250 251 230 221 215 211 212 225 234 228 204 137 52 8 7 18 55 105 179 211 216 211 206 202 209 206 204 206 208 208 207 205 205 206 211 208 204 202 204 207 210 212 205 203 203 206 210 213 213 211 209 208 205 204 211 216 208 195 170 140 100 65 35 12 3 2 2 3 6 9 11 10 7 4
6 5 6 11 28 84 171 195 159 101 32 4 2 42 117 179 230 253 244 247 252 253 254 252 245 239 232 226 184 160 141 134 134 153 182 197 204 162 74 16 13 11 32 86 168 207 217 212 206 202 209 206 204 206 208 208 206 204 205 206 208 206 205 206 207 209 209 209 203 202 202 205 209 210 208 205 204 206 207 209 212 204 174 143 84 60 35 22 14 5 2 1 7 3 1 1 0 1 1 1
4 4 8 15 52 107 194 193 126 67 18 3 2 63 155 213 240 252 247 253 248 252 251 240 224 203 180 162 128 103 88 85 84 97 125 144 176 158 80 20 16 5 14 72 161 205 218 213 206 202 209 206 204 207 208 208 205 204 205 206 205 205 206 208 210 210 208 206 209 206 205 207 209 208 204 199 206 208 208 207 201 175 124 79 37 15 2 6 22 35 44 52 63 60 57 54 50 43 34 28
2 4 5 33 86 149 210 190 77 27 16 8 27 87 189 245 248 250 253 254 253 250 254 236 175 126 91 53 64 70 76 69 53 41 46 57 76 72 60 33 15 3 10 53 143 195 216 214 205 201 208 204 204 207 208 207 205 204 206 208 200 205 209 207 201 198 200 205 217 209 207 209 206 197 197 203 204 216 218 190 138 86 48 31 9 3 7 31 68 105 135 152 166 180 187 175 153 126 95 71
1 6 8 43 123 174 205 166 58 11 7 16 54 115 206 252 251 251 254 253 254 240 222 179 117 78 64 51 64 74 81 74 55 40 31 27 32 33 36 27 20 5 4 40 133 187 212 213 206 201 208 205 204 206 208 207 205 204 206 208 200 206 210 207 201 197 201 206 212 207 204 204 204 204 208 213 217 203 177 137 87 42 16 7 18 36 66 98 131 166 197 216 225 238 246 238 219 193 161 136
1 7 17 63 160 196 190 134 41 2 2 28 86 147 222 253 253 252 254 254 252 214 155 94 53 48 71 94 103 115 120 111 95 78 57 41 29 21 16 11 10 3 4 40 119 176 206 212 208 202 208 205 204 206 208 207 205 204 205 208 201 207 212 209 201 198 202 209 210 208 203 201 207 216 220 218 210 171 120 74 33 6 3 8 45 94 153 191 210 226 239 246 249 254 254 252 246 240 227 214
3 13 35 92 179 201 163 102 35 2 2 39 121 181 234 253 251 251 254 246 222 165 87 40 40 65 99 129 121 130 132 123 116 110 94 74 52 29 12 2 2 3 4 45 106 166 202 214 211 203 208 205 204 206 208 207 204 203 205 207 203 209 214 210 203 200 205 212 207 206 200 199 211 224 218 203 167 120 66 29 8 4 30 64 110 161 217 244 250 252 251 247 251 252 250 248 252 255 254 251
7 23 63 124 196 198 132 70 28 5 1 50 159 217 245 253 251 249 249 226 162 105 43 35 71 100 108 112 111 118 118 112 114 118 110 95 59 35 15 5 6 2 3 37 97 159 200 216 214 204 207 205 203 205 207 206 204 203 205 207 206 211 213 211 205 204 208 213 202 201 198 201 216 222 199 168 106 65 23 5 5 29 87 143 193 220 243 249 251 254 254 254 254 254 254 255 255 254 247 238
5 31 89 148 213 194 106 43 16 5 9 66 182 239 249 250 254 251 240 200 107 57 27 50 95 120 116 103 114 117 116 113 115 120 117 110 79 54 26 7 5 1 2 31 88 152 197 218 216 205 208 207 203 205 207 206 204 203 204 207 209 210 210 208 206 206 209 212 202 204 206 212 219 207 166 123 55 24 2 2 26 73 144 204 244 250 252 249 251 254 254 253 252 252 252 252 252 249 245 242
7 43 118 173 214 182 88 28 8 8 24 88 195 251 248 246 254 245 218 160 65 34 37 73 102 119 125 118 115 111 104 97 93 94 98 102 104 77 39 7 2 2 3 32 80 145 193 217 217 205 208 209 203 205 207 206 203 202 204 206 209 207 205 204 206 207 208 208 203 209 215 218 207 172 116 70 26 7 2 28 77 135 195 237 253 253 254 255 254 253 248 243 254 254 252 249 248 249 252 253
14 59 146 198 203 169 78 24 7 13 38 106 209 254 250 243 249 230 188 115 36 25 58 100 106 109 121 119 114 103 88 75 66 65 76 88 102 81 45 9 5 6 6 29 74 140 190 216 217 205 209 211 203 205 206 206 203 202 204 206 209 205 201 201 205 207 207 205 200 208 216 214 188 135 70 25 14 3 11 60 127 187 229 251 253 251 252 255 253 252 252 253 254 254 254 253 245 237 232 232
31 87 171 205 195 140 58 9 5 20 66 125 219 254 254 249 251 212 125 63 19 39 84 117 121 124 123 106 83 61 39 33 31 29 34 44 78 73 53 29 10 1 2 21 70 130 194 220 214 205 207 212 204 205 206 206 207 207 207 207 204 210 198 194 213 217 204 200 202 210 227 202 130 76 42 9 4 15 51 105 192 242 234 249 251 251 254 254 250 245 248 253 243 254 254 247 223 202 190 185
48 109 187 215 185 129 50 5 3 27 83 147 215 250 254 246 237 185 95 34 28 49 92 122 123 120 110 89 62 39 19 13 10 10 13 20 46 48 40 28 15 2 7 27 68 128 194 220 214 205 207 211 204 205 206 206 207 207 207 206 205 210 200 197 210 212 204 207 210 212 207 165 93 39 13 2 1 39 106 165 226 253 242 251 254 249 244 247 254 253 252 246 244 230 206 180 156 137 125 119
72 138 204 222 175 117 41 2 1 35 103 172 223 250 254 242 217 152 67 17 41 64 103 126 122 109 87 62 31 16 6 5 5 4 6 9 16 25 29 27 19 4 5 22 67 127 192 220 214 206 206 210 205 205 206 207 207 207 206 206 206 209 204 201 205 204 205 216 221 211 175 116 54 9 2 5 11 73 166 225 250 253 246 249 250 252 251 251 253 254 249 237 204 160 108 75 59 47 39 35
95 162 214 220 167 107 36 2 1 41 118 188 235 252 254 233 189 117 49 19 57 81 110 123 114 94 64 38 16 8 5 6 8 8 10 15 2 9 16 21 18 4 3 20 68 127 192 219 215 206 206 209 205 206 206 207 207 206 206 206 206 208 208 206 202 199 206 221 224 196 131 67 29 2 2 24 52 117 206 251 252 248 248 250 244 251 255 254 254 245 217 186 141 91 39 19 19 19 19 20
117 184 219 213 155 96 33 1 1 46 128 198 239 252 252 221 156 81 32 22 72 97 117 116 103 78 46 25 12 7 5 6 11 19 31 40 12 10 6 10 13 5 9 28 71 129 192 219 215 206 205 207 206 206 206 207 207 206 206 205 206 207 210 209 201 199 208 216 212 167 84 26 12 2 2 37 115 169 229 254 251 248 254 252 250 248 246 249 250 222 156 93 68 37 15 19 30 38 42 47
145 207 224 206 141 83 28 2 2 51 138 206 239 252 253 212 127 50 20 27 84 111 121 109 90 63 33 17 8 2 1 8 32 64 93 111 80 53 20 7 6 2 8 29 77 133 194 219 214 205 204 206 206 206 207 207 207 206 205 205 204 205 211 211 204 206 209 202 185 132 50 7 4 1 16 59 169 213 242 253 253 250 254 250 250 253 251 237 208 157 89 36 21 20 26 41 58 67 74 80
175 228 228 200 131 73 24 2 1 53 145 212 240 254 252 197 98 26 19 38 89 118 122 100 77 48 20 10 5 1 1 26 78 136 178 198 182 127 56 16 4 2 4 24 83 137 195 219 213 204 203 204 206 207 207 207 206 206 205 204 202 203 211 212 208 214 209 185 138 90 27 2 5 14 51 106 201 243 249 250 255 250 253 248 247 252 240 194 127 70 40 32 32 46 68 86 96 102 107 111
196 241 229 194 127 69 22 1 1 52 147 214 238 252 247 179 73 10 21 48 88 119 120 94 68 37 10 5 7 0 5 47 119 188 231 247 252 179 84 26 7 2 7 26 87 140 197 219 213 204 202 204 207 207 207 207 206 206 205 204 201 202 211 212 210 220 210 174 94 54 12 1 5 26 82 148 217 254 254 248 255 251 254 253 252 239 201 135 60 17 19 35 50 73 99 111 114 117 120 122
